0.0
0.0
0.0
0.0
-0.008527782478754803
-0.01768369883844704
-0.026906832691197417
-0.03626214825540529
-0.04581019220078675
-0.05560613861411488
-0.06569891941910436
-0.07613045667175534
-0.08685360816989107
-0.09779338839889717
-0.10896277799340687
-0.12036319595454834
-0.1319841488442579
-0.14380370721200217
-0.15578922053467067
-0.16789825285980353
-0.18007971694764555
-0.19227518082504566
-0.20441934762180392
-0.21644234484901073
-0.22827279705091916
-0.2398383023750512
-0.25106711189179587
-0.2618897876334772
-0.27224079739978085
-0.2820600136126021
-0.2912940858690736
-0.2998976598110483
-0.30782041697996976
-0.31501881402091086
-0.3214746574336969
-0.3271792379174546
-0.33213358919491504
-0.3363486356648554
-0.3398451542978168
-0.3426535518873116
-0.34481346240762917
-0.34637317274642465
-0.3473715814238097
-0.34785037727584617
-0.34787824661167355
-0.3475284462700115
-0.34687751406147815
-0.34600405882389684
-0.34498752379794073
-0.3439069464805169
-0.34283973793586586
-0.3418605039143567
-0.3410308160649945
-0.3404050265999961
-0.3400428232491083
-0.3399971096330492
-0.34031326081829266
-0.3410285942420659
-0.34217199264752773
-0.34376368341398533
-0.34581517557453867
-0.34832935273954724
-0.35129380049491554
-0.35468639147710074
-0.358486040254262
-0.3626647657222337
-0.3671883933884428
-0.3720174034824542
-0.37710785289847715
-0.3824123515805175
-0.3878810732726265
-0.3934627802826891
-0.399094263257937
-0.40471009057319546
-0.41026027495550055
-0.4156969613420308
-0.42097518602270073
-0.42605363981763733
-0.4308953378631792
-0.43546818513640173
-0.4397454291655513
-0.4437059938219524
-0.44733039859103424
-0.4506040845437772
-0.4535236346430052
-0.4560913358216422
-0.45831489310248946
-0.4602070757208058
-0.46178527318809964
-0.46307097290309107
-0.4640891722597317
-0.4648677392508613
-0.4654352588689503
-0.4658214736350667
-0.46605855718021655
-0.46617866840602634
-0.46621328250299415
-0.4661925712518082
-0.4661448359574438
-0.4660960036538253
-0.46606919559460686
-0.4660843752648805
-0.46615736044267203
-0.46630018589767974
-0.46652208087860203
-0.46682857456189986
-0.4672215773298246
-0.46769954988889384
-0.4682577484600225
-0.4688885383182215
-0.4695817666041366
-0.4703251841977607
-0.4711049055571353
-0.4719058947969186
-0.47271246592277977
-0.47350878505115507
-0.47427936262762727
-0.47500952410290226
-0.4756858482194414
-0.47629656298547585
-0.476831890542941
-0.4772843334442752
-0.47764889630900786
-0.47792323840084594
-0.47810775431377917
-0.47820558164457744
-0.47822253622155164
-0.478166977118592
-0.47804960527346957
-0.47788320101630466
-0.4776823071667056
-0.4774628655483803
-0.4772418157738562
-0.4770366659494417
-0.4768650455265291
-0.476744250869499
-0.4766907942177101
-0.4767199665893054
-0.47684542481294895
-0.47707881229013965
-0.4774294223000988
-0.47790391168039237
-0.47850607157223346
-0.4792366606359645
-0.48009330474841894
-0.4810704657206481
-0.4821594800542426
-0.48334866722022146
-0.4846235054292889
-0.48596687139846395
-0.48735933923767394
-0.4887795323097622
-0.4902045207848024
-0.491610256637785
-0.49297203704717185
-0.49426498655606255
-0.49546454796901884
-0.496546971782764
-0.49748979399021837
-0.4982722923522767
-0.4988759116935503
-0.4992846494358218
-0.4994853934210531
-0.49946820507560297
-0.49922654210681083
-0.498757416177469
-0.4980614823459916
-0.4971430584616526
-0.49601007413557235
-0.49467395033921885
-0.493149412083383
-0.49145423797309706
-0.48960895169048974
-0.4876364616028238
-0.4855616557041986
-0.4834109599568888
-0.4812118687856264
-0.4789924569826462
-0.47678088259416
-0.4746048904754075
-0.472491326120844
-0.470465669101852
-0.4685515949839472
-0.466770573959984
-0.4651415136399868
-0.46368045249974427
-0.4624003094297989
-0.4613106936667615
-0.46041777815466833
-0.459724238101297
-0.45922925518960034
-0.45892858660453484
-0.45881469676693243
-0.4588769484541768
-0.4591018488563163
-0.45947334508793913
-0.4599731627703823
-0.46058118053260216
-0.46127583266618977
-0.4620345317211746
-0.4628341025514808
-0.46365121921569064
-0.4644628362099751
-0.4652466057519401
-0.46598127323954475
-0.4666470435676883
-0.4672259116831014
-0.46770195157963007
-0.4680615588623822
-0.46829364302012494
-0.46838976661887244
-0.4683442297429701
-0.46815409913971645
-0.46781918264632744
-0.46734195057088124
-0.4667274067397773
-0.46598291289260807
-0.4651179709823247
-0.4641439687075177
-0.4630738942503171
-0.4619220267063855
-0.4607036090641943
-0.4594345108137833
-0.45813088733819474
-0.45680884316457265
-0.45548410593047367
-0.4541717175611108
-0.45288574866475795
-0.4516390415485505
-0.45044298654993997
-0.4493073355864371
-0.44824005596598127
-0.4472472265913506
-0.4463329777543388
-0.4454994747690698
-0.44474694475884247
-0.4440737450067794
-0.4434764704258411
-0.44295009691572096
-0.44248815666832997
-0.4420829408736623
-0.4417257247752032
-0.44140700963770757
-0.4411167759265083
-0.440844741860273
-0.44058062148926774
-0.44031437656703204
-0.44003645672052727
-0.4397380227754895
-0.43941114855064733
-0.43904899698540845
-0.4386459670974193
-0.43819780896440325
-0.43770170467300196
-0.43715631395926025
-0.43656178406367957
-0.4359197241210945
-0.43523314518489914
-0.4345063677298994
-0.43374489917275577
-0.4329552845793466
-0.43214493428172285
-0.43132193259272106
-0.43049483217486334
-0.4296724388851797
-0.4288635920746053
-0.4280769453675491
-0.42732075288442517
-0.4266026656999668
-0.42592954305794806
-0.4253072824954794
-0.4247406725763019
-0.42423327140315437
-0.42378731348652626
-0.4234036469043097
-0.42308170200833484
-0.42281949223444093
-0.42261364686775527
-0.4224594749194004
-0.4223510585996607
-0.42228137423985723
-0.4222424379338907
-0.4222254726525587
-0.42222109313973155
-0.422219504538076
-0.42221071042009456
-0.4221847257228407
-0.42213179000456375
-0.4220425764596369
-0.42190839224306675
-0.4217213658644167
-0.4214746177078045
-0.42116241011272054
-0.4207802739010029
-0.42032510874829754
-0.41979525536230916
-0.41919053803282397
-0.41851227674679886
-0.4177632687023751
-0.4169477396948914
-0.41607126647248266
-0.41514067175567326
-0.41416389417229993
-0.41314983586479515
-0.4121081909712781
-0.4110492585562678
-0.4099837438640271
-0.40892255198204414
-0.4078765781302932
-0.40685649883180247
-0.4058725681716964
-0.40493442321713075
-0.40405090245297876
-0.4032298807931102
-0.402478124361453
-0.4018011678090276
-0.40120321645225876
-0.40068707499457573
-0.40025410403883627
-0.3999042050242453
-0.39963583364021044
-0.39944604119307464
-0.3993305428417097
-0.39928381108593214
-0.39929919239825523
-0.3993690444444147
-0.39948489094995276
-0.39963759094638157
-0.39981751887691797
-0.400014751862992
-0.40021926033143496
-0.40042109817970156
-0.4006105887121674
-0.40077850271243787
-0.40091622522105513
-0.4010159078599373
-0.4010706038779146
-0.40107438347820695
-0.4010224274200496
-0.4009110973534416
-0.40073798183811243
-0.40050191750484015
-0.4002029853285612
-0.3998424824876879
-0.3994228707723854
-0.39894770296639787
-0.3984215290531857
-0.39784978447930275
-0.397238663038846
-0.39659497721624043
-0.39592600903582065
-0.39523935461197957
-0.394542765671112
-0.3938439913254346
-0.3931506233198192
-0.39246994784820227
-0.3918088068494303
-0.3911734714483101
-0.39056952991208377
-0.39000179215232433
-0.38947421242517377
-0.38898983147719524
-0.3885507389588117
-0.3881580564914671
-0.38781194133752966
-0.3875116101926972
-0.38725538220811234
-0.38704073996196076
-0.3868644067457075
-0.38672243821531516
-0.386610326188796
-0.38652311215323426
-0.386455507880869
-0.3864020204475528
-0.386357078899329
-0.3863151598241863
-0.386270909155103
-0.38621925765508236
-0.3861555277115425
-0.3860755292917112
-0.38597564317715793
-0.3858528898981002
-0.3857049831196842
-0.3855303665856962
-0.38532823409230715
-0.38509853233752356
-0.3848419468630426
-0.38455987166633365
-0.38425436340447017
-0.383928081430473
-0.38358421519121455
-0.38322640076761844
-0.3828586285480205
-0.38248514419031576
-0.38211034514488956
-0.38173867507655457
-0.3813745185389442
-0.38102209821943783
-0.3806853769880441
-0.3803679668522133
-0.38007304674462256
-0.3798032908568562
-0.37956080898362454
-0.3793471000654078
-0.3791630198184242
-0.3790087630262143
-0.3788838607438004
-0.37878719234030045
-0.3787170119859569
-0.37867098888158307
-0.37864626023878784
-0.37863949575400846
-0.37864697208369763
-0.3786646556266857
-0.3786882917566305
-0.37871349852566144
-0.37873586278193
-0.37875103661001663
-0.37875483201420723
-0.3787433118199123
-0.3787128748662272
-0.3786603337003696
-0.3785829831591425
-0.3784786584295581
-0.3783457814156366
-0.37818339449590826
-0.3779911810306072
-0.37776947226303914
-0.3775192405499194
-0.37724207914452745
-0.37694016903817196
-0.3766162336338916
-0.3762734822759874
-0.37591554388486115
-0.37554639214419056
-0.37517026385284774
-0.37479157218404757
-0.3744148166865516
-0.37404449191589983
-0.3736849965967695
-0.3733405451908885
-0.37301508367936353
-0.3727122112656221
-0.3724351095679037
-0.37218648070163274
-0.3719684954558547
-0.3717827525486377
-0.3716302497087203
-0.37151136707988025
-0.3714258631858424
-0.37137288343257163
-0.37135098086686213
-0.3713581486606783
-0.37139186355474635
-0.37144913927723294
-0.3715265887582975
-0.3716204937926806
-0.3717268806634808
-0.37184160013347795
-0.37196041013760933
-0.37207905947263364
-0.3721933707780278
-0.37229932113538505
-0.37239311868091174
-0.37247127372531597
-0.37253066300496607
-0.37256858584463926
-0.3725828111919789
-0.3725716146828554
-0.37253380511089523
-0.37246873989886625
-0.37237632939959664
-0.372257030084869
-0.37211182690743605
-0.37194220533933287
-0.3717501137945848
-0.37153791733216146
-0.37130834370189536
-0.3710644229389072
-0.37080942182818377
-0.3705467746482382
-0.3702800116598639
-0.37001268683200167
-0.3697483062915857
-0.36949025894840004
-0.36924175068059506
-0.3690057433733495
-0.3687848999844977
-0.36858153666956295
-0.36839758283780394
-0.3682345498341933
-0.36809350875355573
-0.36797507769652704
-0.36787941857674233
-0.3678062433888899
-0.3677548296522399
-0.36772404455785895
-0.36771237717380206
-0.36771797790456434
-0.36773870426207866
