0.0
0.0
0.0
0.0
-0.011762488747931555
-0.02466795105797308
-0.03747112086151472
-0.05016126506719512
-0.06272719987355589
-0.07515745218727247
-0.0874404245474186
-0.09956455660531027
-0.11131976815356179
-0.122477826956433
-0.1330350259408355
-0.14299251258046902
-0.1523553269112167
-0.16113234457137818
-0.16933618502158446
-0.17698308620451778
-0.18409274719579957
-0.1906881406667363
-0.1967889658748537
-0.2024162627244275
-0.20760155177753725
-0.2123787534558831
-0.21678381515702702
-0.22085439098554377
-0.22462950934464365
-0.2281492315209128
-0.23145430443625767
-0.23458581075332632
-0.23756836269092302
-0.24042237992123022
-0.24318819069169034
-0.2459054428483625
-0.2486126060641736
-0.25134666448444304
-0.25414282617945055
-0.25703425176362876
-0.2600518043403734
-0.26322382271363276
-0.26654786619433596
-0.2700165133909968
-0.27365044779928793
-0.2774677830244581
-0.2814838406131811
-0.2857110638990117
-0.29015895818252535
-0.2948340574381765
-0.29973991750265533
-0.30487713546534734
-0.3102293455643403
-0.3157769187352998
-0.321512523958028
-0.3274264982118996
-0.3335069432755381
-0.33973986897418657
-0.34610935278071686
-0.3525977141612682
-0.35918570194737426
-0.3658526929237885
-0.3725484768609902
-0.3792196022041417
-0.3858436195276693
-0.39239818143575145
-0.3988611266281514
-0.40521067910096803
-0.4114256413018335
-0.41748557962997246
-0.42337100076051576
-0.42906351737313253
-0.4345122366270394
-0.4396653160609273
-0.4445098018403426
-0.44903509930847557
-0.45323291542006194
-0.45709730609534444
-0.46062470234977604
-0.46381391526840576
-0.4666661200794276
-0.46918481976154763
-0.4713645025424509
-0.47320160638427883
-0.47470667930923005
-0.4758925030596284
-0.4767739367539159
-0.477367763303433
-0.4776925210694684
-0.47776832245891254
-0.4776166612481195
-0.47726021049863965
-0.47667659762938036
-0.4758433436873753
-0.4747873329338766
-0.4735367506002425
-0.4721207467483726
-0.47056916673942933
-0.46891227902155724
-0.4671805027189375
-0.4654041374722371
-0.4636130979264753
-0.4617900939329042
-0.4599160315001348
-0.4580201276863228
-0.4561312407372046
-0.45427754119639974
-0.4524862665726808
-0.4507834873465644
-0.44919388629944224
