0
0
0
0
0
0
0
0
0
0
0.06560021703808161
0.06560021703808161
0.06560021703808161
0.06560021703808161
0.06560021703808161
0.06560021703808161
0.06560021703808161
0.06560021703808161
0.06560021703808161
0.06560021703808161
0.07160658852990309
0.07160658852990309
0.07160658852990309
0.07160658852990309
0.07160658852990309
0.07160658852990309
0.07160658852990309
0.07160658852990309
0.07160658852990309
0.07160658852990309
0.08720616646496637
0.08720616646496637
0.08720616646496637
0.08720616646496637
0.08720616646496637
0.08720616646496637
0.08720616646496637
0.08720616646496637
0.08720616646496637
0.08720616646496637
0.09411724368510477
0.09411724368510477
0.09411724368510477
0.09411724368510477
0.09411724368510477
0.09411724368510477
0.09411724368510477
0.09411724368510477
0.09411724368510477
0.09411724368510477
0.09483237843051029
0.09483237843051029
0.09483237843051029
0.09483237843051029
0.09483237843051029
0.09483237843051029
0.09483237843051029
0.09483237843051029
0.09483237843051029
0.09483237843051029
0.10265569654620776
0.10265569654620776
0.10265569654620776
0.10265569654620776
0.10265569654620776
0.10265569654620776
0.10265569654620776
0.10265569654620776
0.10265569654620776
0.10265569654620776
0.11030076281713264
0.11030076281713264
0.11030076281713264
0.11030076281713264
0.11030076281713264
0.11030076281713264
0.11030076281713264
0.11030076281713264
0.11030076281713264
0.11030076281713264
0.11047448879435251
0.11047448879435251
0.11047448879435251
0.11047448879435251
0.11047448879435251
0.11047448879435251
0.11047448879435251
0.11047448879435251
0.11047448879435251
0.11047448879435251
0.11054775779302872
0.11054775779302872
0.11054775779302872
0.11054775779302872
0.11054775779302872
0.11054775779302872
0.11054775779302872
0.11054775779302872
0.11054775779302872
0.11054775779302872
0.11079753264675674
0.11079753264675674
0.11079753264675674
0.11079753264675674
0.11079753264675674
0.11079753264675674
0.11079753264675674
0.11079753264675674
0.11079753264675674
0.11079753264675674
