0
0
0
0
0
0
0
0
0
0
0.09879397696568049
0.09879397696568049
0.09879397696568049
0.09879397696568049
0.09879397696568049
0.09879397696568049
0.09879397696568049
0.09879397696568049
0.09879397696568049
0.09879397696568049
0.001569665615534177
0.001569665615534177
0.001569665615534177
0.001569665615534177
0.001569665615534177
0.001569665615534177
0.001569665615534177
0.001569665615534177
0.001569665615534177
0.001569665615534177
0.0012188498003524728
0.0012188498003524728
0.0012188498003524728
0.0012188498003524728
0.0012188498003524728
0.0012188498003524728
0.0012188498003524728
0.0012188498003524728
0.0012188498003524728
0.0012188498003524728
0.024952040403150022
0.024952040403150022
0.024952040403150022
0.024952040403150022
0.024952040403150022
0.024952040403150022
0.024952040403150022
0.024952040403150022
0.024952040403150022
0.024952040403150022
0.014761839553102618
0.014761839553102618
0.014761839553102618
0.014761839553102618
0.014761839553102618
0.014761839553102618
0.014761839553102618
0.014761839553102618
0.014761839553102618
0.014761839553102618
0.011186046645889292
0.011186046645889292
0.011186046645889292
0.011186046645889292
0.011186046645889292
0.011186046645889292
0.011186046645889292
0.011186046645889292
0.011186046645889292
0.011186046645889292
0.015528591236943612
0.015528591236943612
0.015528591236943612
0.015528591236943612
0.015528591236943612
0.015528591236943612
0.015528591236943612
0.015528591236943612
0.015528591236943612
0.015528591236943612
0.0061990858521312475
0.0061990858521312475
0.0061990858521312475
0.0061990858521312475
0.0061990858521312475
0.0061990858521312475
0.0061990858521312475
0.0061990858521312475
0.0061990858521312475
0.0061990858521312475
0.0007798704427841585
0.0007798704427841585
0.0007798704427841585
0.0007798704427841585
0.0007798704427841585
0.0007798704427841585
0.0007798704427841585
0.0007798704427841585
0.0007798704427841585
0.0007798704427841585
0.0011680075331241824
0.0011680075331241824
0.0011680075331241824
0.0011680075331241824
0.0011680075331241824
0.0011680075331241824
0.0011680075331241824
0.0011680075331241824
0.0011680075331241824
0.0011680075331241824
0.0
0.0
0.0
0.0
0.0
0.0
0.0
0.0
0.0
0.0
0.0
0.0
0.0
0.0
0.0
0.0
0.0
0.0
0.0
0.0
0.0
0.0
0.0
0.0
0.0
0.0
0.0
0.0
0.0
0.0
0.0
0.0
0.0
0.0
0.0
0.0
0.0
0.0
0.0
0.0
0.0
0.0
0.0
0.0
0.0
0.0
0.0
0.0
0.0
0.0
0.0
0.0
0.0
0.0
0.0
0.0
0.0
0.0
0.0
0.0
0.0
0.0
0.0
0.0
0.0
0.0
0.0
0.0
0.0
0.0
0.0
0.0
0.0
0.0
0.0
0.0
0.0
0.0
0.0
0.0
0.0
0.0
0.0
0.0
0.0
0.0
0.0
0.0
0.0
0.0
0.0
0.0
0.0
0.0
0.0
0.0
0.0
0.0
0.0
0.0
0.0
0.0
0.0
0.0
0.0
0.0
0.0
0.0
0.0
0.0
0.0
0.0
0.0
0.0
0.0
0.0
0.0
0.0
0.0
0.0
0.0
0.0
0.0
0.0
0.0
0.0
0.0
0.0
0.0
0.0
0.0
0.0
0.0
0.0
0.0
0.0
0.0
0.0
0.0
0.0
0.0
0.0
0.0
0.0
0.0
0.0
0.0
0.0
0.0
0.0
0.0
0.0
0.0
0.0
0.0
0.0
0.0
0.0
0.0
0.0
0.0
0.0
0.0
0.0
0.0
0.0
0.0
0.0
0.0
0.0
0.0
0.0
0.0
0.0
0.0
0.0
0.0
0.0
0.0
0.0
0.0
0.0
0.0
0.0
0.0
0.0
0.0
0.0
0.0
0.0
0.0
0.0
0.0
0.0
0.0
0.0
0.0
0.0
0.0
0.0
0.0
0.0
0.0
0.0
0.0
0.0
0.0
0.0
0.0
0.0
0.0
0.0
0.0
0.0
0.0
0.0
0.0
0.0
0.0
0.0
0.0
0.0
0.0
0.0
0.0
0.0
0.0
0.0
0.0
0.0
0.0
0.0
0.0
0.0
0.0
0.0
0.0
0.0
0.0
0.0
0.0
0.0
0.0
0.0
0.0
0.0
0.0
0.0
0.0
0.0
0.0
0.0
0.0
0.0
0.0
0.0
0.0
0.0
0.0
0.0
0.0
0.0
0.0
0.0
0.0
0.0
0.0
0.0
0.0
0.0
0.0
0.0
0.0
0.0
0.0
0.0
0.0
0.0
0.0
0.0
0.0
0.0
0.0
0.0
0.0
0.0
0.0
0.0
0.0
0.0
0.0
0.0
0.0
0.0
0.0
0.0
0.0
0.0
0.0
0.0
0.0
0.0
0.0
0.0
0.0
0.0
0.0
0.0
0.0
0.0
0.0
0.0
0.0
0.0
0.0
0.0
0.0
0.0
0.0
0.0
0.0
0.0
0.0
0.0
0.0
0.0
0.0
0.0
0.0
0.0
0.0
0.0
0.0
0.0
0.0
0.0
0.0
0.0
0.0
0.0
0.0
0.0
0.0
0.0
0.0
0.0
0.0
0.0
0.0
0.0
0.0
0.0
0.0
0.0
0.0
0.0
0.0
0.0
0.0
0.0
0.0
0.0
0.0
0.0
0.0
0.0
0.0
0.0
0.0
0.0
0.0
0.0
0.0
0.0
0.0
0.0
0.0
0.0
0.0
0.0
0.0
0.0
0.0
0.0
0.0
0.0
0.0
0.0
0.0
0.0
