0.0
0.0
0.0
0.0
-0.0218596815971506
-0.045000072531356475
-0.06738534376055333
-0.08900593581128274
-0.10985436344469483
-0.12992518594321828
-0.14921497921347707
0.029078349727869157
0.01109746210520357
-0.006548643833130252
-0.023847212829600506
-0.04078780999282522
-0.05736079289461132
-0.07355732047653513
-0.08936935998551782
-0.10478969204280031
-0.11981191394783197
-0.11641132683327093
-0.1306491446504865
-0.14452453950800337
-0.15803251318676503
-0.17116886821879307
-0.1839301005055256
-0.19631340217884152
-0.20831666325385223
-0.2199384720476527
-0.2311781143321172
-0.19523683737810382
-0.20578485106421374
-0.21608252602804928
-0.22612706458697113
-0.2359163190104937
-0.24544851811640722
-0.2547222821181703
-0.26373663613436193
-0.2724910222195771
-0.2809853097849372
-0.26848657262500797
-0.27648633082075724
-0.2842695426845463
-0.29183624888101045
-0.2991870323210354
-0.30632284270407106
-0.3132449989225221
-0.3199551894721384
-0.3264554708351636
-0.332748263818901
-0.3366909436115981
-0.34257587330886774
-0.3482582677247009
-0.35374204998614933
-0.359031522654099
-0.36413130365823587
-0.3690463068695857
-0.3737817211303317
-0.37834298786642395
-0.38273577741895703
-0.36349600989247166
-0.3675983872894216
-0.37159977567481495
-0.3755045996197499
-0.37931746702596425
-0.38304295320827486
-0.38668558038844836
-0.3902497974882243
-0.39373996036825387
-0.39716031265685403
-0.3775797684948652
-0.38089857736157473
-0.384203008604475
-0.38749497578238157
-0.3907763116367964
-0.39404855509806047
-0.39731294569262665
-0.40057041971711316
-0.4038216082231135
-0.4070668368430185
-0.40978494954065026
-0.41301475136122334
-0.4162305414134122
-0.41943169241682465
-0.4226173521782177
-0.425786420819963
-0.4289375605104939
-0.43206920682168215
-0.4351795816291497
-0.43826670745910756
-0.4411086161776765
-0.4441260717484632
-0.44707805874077544
-0.44996313680230304
-0.45277997882493626
-0.45552726389192433
-0.4582036864175585
-0.4608079659041565
-0.46333885720823753
-0.4657951612019089
-0.4674264111492764
-0.46971434334173745
-0.4718904110506732
-0.47395483017841
-0.4759081423937025
-0.4777510941294518
-0.47948463497208227
-0.48110991573905126
-0.4826282861839435
