0
0
0
0
0
0
0
0
0
0
0.038282539333522436
0.038282539333522436
0.038282539333522436
0.038282539333522436
0.038282539333522436
0.038282539333522436
0.038282539333522436
0.038282539333522436
0.038282539333522436
0.038282539333522436
0.038282539333522436
0.038282539333522436
0.038282539333522436
0.038282539333522436
0.038282539333522436
0.038282539333522436
0.038282539333522436
0.038282539333522436
0.038282539333522436
0.038282539333522436
0.038286439505100134
0.038286439505100134
0.038286439505100134
0.038286439505100134
0.038286439505100134
0.038286439505100134
0.038286439505100134
0.038286439505100134
0.038286439505100134
0.038286439505100134
0.04442291404666321
0.04442291404666321
0.04442291404666321
0.04442291404666321
0.04442291404666321
0.04442291404666321
0.04442291404666321
0.04442291404666321
0.04442291404666321
0.04442291404666321
0.04835132238986262
0.04835132238986262
0.04835132238986262
0.04835132238986262
0.04835132238986262
0.04835132238986262
0.04835132238986262
0.04835132238986262
0.04835132238986262
0.04835132238986262
0.054312849357302184
0.054312849357302184
0.054312849357302184
0.054312849357302184
0.054312849357302184
0.054312849357302184
0.054312849357302184
0.054312849357302184
0.054312849357302184
0.054312849357302184
0.06190844393313455
0.06190844393313455
0.06190844393313455
0.06190844393313455
0.06190844393313455
0.06190844393313455
0.06190844393313455
0.06190844393313455
0.06190844393313455
0.06190844393313455
0.065189107966944
0.065189107966944
0.065189107966944
0.065189107966944
0.065189107966944
0.065189107966944
0.065189107966944
0.065189107966944
0.065189107966944
0.065189107966944
0.0787625422981364
0.0787625422981364
0.0787625422981364
0.0787625422981364
0.0787625422981364
0.0787625422981364
0.0787625422981364
0.0787625422981364
0.0787625422981364
0.0787625422981364
0.09244230025251454
0.09244230025251454
0.09244230025251454
0.09244230025251454
0.09244230025251454
0.09244230025251454
0.09244230025251454
0.09244230025251454
0.09244230025251454
0.09244230025251454
