0.0
0.0
0.0
0.0
-0.013710487755179874
-0.027905368045595697
-0.04173995063264853
-0.05525878553610329
-0.06850490569736213
-0.08151885410435188
-0.09433780540624273
-0.028633543536797743
-0.04141190197325767
-0.0545452593176555
-0.06802012622643958
-0.08180855526449657
-0.09586826319428207
-0.11014386744077392
-0.12456839972553851
-0.13906506025725401
-0.1535491711892178
-0.1679246262351468
-0.18210631415962059
-0.1959905970290663
-0.20948335229531412
-0.22249371081410307
-0.23493618918049286
-0.24673269652485758
-0.25781436306515465
-0.2681231525600381
-0.2776132258576337
-0.23550791501632484
-0.2435401859210395
-0.25120707016969884
-0.25849230156044656
-0.26538755285588955
-0.27189256766188963
-0.2780151830749198
-0.2837711455781004
-0.2891837277003455
-0.29428315735875743
-0.29177179838913214
-0.2963588984325658
-0.3007489569877466
-0.3049900835048478
-0.3091318038821984
-0.31322370261140486
-0.3173142456691487
-0.3214496305583928
-0.3256726899595471
-0.33002187402394156
-0.3345036976053695
-0.3391755679028487
-0.3440057300987571
-0.3490089008333577
-0.3541924546950531
-0.35955614636749883
-0.36509211033719113
-0.37078503830890663
-0.37661252973095805
-0.3825456070274986
-0.388486617300014
-0.3945039527402293
-0.4004716137119515
-0.4063435004388559
-0.41207162914487405
-0.4176071937785343
-0.4229017307041555
-0.4279082852143423
-0.4325825540111252
-0.4368839784115156
-0.43311794153837313
-0.436587735017286
-0.43962134475026193
-0.44219997606170836
-0.4443117808285618
-0.4459521918795415
-0.44712422327701973
-0.44783861120546165
-0.4481137918378242
-0.4479757160470903
-0.4456650015430641
-0.4448061251830778
-0.44365040353483853
-0.44224865494084187
-0.44065593706085016
-0.4389305371428994
-0.43713293503473993
-0.4353247150349302
-0.43356744859483276
-0.43192157043909907
-0.4266293476521177
-0.4253962211551898
-0.4244740576829189
-0.42390619901811777
-0.42372941550915355
-0.42397322928684045
-0.42465938532506187
-0.4258014682962775
-0.4274046723814051
-0.42946572810280736
-0.4319718161503199
-0.434903672777182
-0.43823057590232484
-0.44191790749738213
-0.4459245178190596
-0.4502034977016811
-0.4547030606119822
-0.45936750893912826
-0.46413826531603075
-0.46895494864429255
-0.47375647379038166
-0.4784821536451689
-0.48307278239409857
-0.48747167942343916
-0.4916256742731412
-0.49548601441446527
-0.49900917934881694
-0.5021575865543606
-0.5049001771042523
-0.5072128712950101
-0.5090788873020364
-0.5104889186652756
-0.511441169243543
-0.511941247102991
-0.5120019215661402
-0.5116427502876064
-0.5108895856889786
-0.5097739723303332
-0.5083324487768142
-0.5066057691987715
-0.5046380612929522
-0.5024759381072172
-0.5001675819767917
-0.49776181902856576
-0.49530720258166994
-0.49285112327546743
-0.4904389629057002
-0.48811330776834827
-0.4859132358278492
-0.4838736902765558
-0.48202495007555224
-0.48039220590723264
-0.4789952476745215
-0.4778482672996064
-0.47695977815693247
-0.4763326500714059
-0.4759642564726584
-0.47584672806718753
-0.4759673053165788
-0.4763087801323178
-0.4768500155517472
-0.4775665307759771
-0.47843113785361113
-0.47941461550221187
-0.4804864050841191
-0.4816153135993717
-0.4827702087240957
-0.4839206913991989
-0.4850377322465669
-0.48609425913720083
-0.4870656845314788
-0.48793036272468715
-0.48866996882583447
-0.4892697931358665
-0.48971894653167125
-0.49001047446203727
-0.4901413791777638
-0.4901125518074243
-0.48992861781107233
-0.48959770115671186
-0.4891311142317687
-0.4885429819908096
-0.4878498101223606
-0.48707000806763967
-0.48622337852341047
-0.48533058559658504
-0.484412614042081
-0.4834902320060639
-0.4825834694181972
-0.481711123638665
-0.48089030318370485
-0.4801360193473677
-0.4794608343318627
-0.4788745731227453
-0.478384104830227
-0.4779931975984294
-0.47770244949664575
-0.4775092960878171
-0.47740809365684456
-0.4773902754118249
-0.4774445763802194
-0.4775573212426448
-0.4777127680099258
-0.4778934992813533
-0.47808085184696847
-0.4782553746328887
-0.4783973044502784
-0.47848704870468084
-0.4785056641569857
-0.47843532099924935
-0.47825974191165055
-0.4779646063900854
-0.47753791146160185
-0.4769702809173135
-0.47625521636605783
-0.4753892847202119
-0.4743722381384736
-0.4732070639378583
-0.47189996351621233
-0.4704602608642049
-0.46890024275919984
-0.4672349341906433
-0.46548181393713184
-0.4636604764708723
-0.4617922474801306
-0.4598997612521625
-0.4580065089292795
-0.4561363672244376
-0.45431311754965864
-0.4525599656647301
-0.45089907189362555
-0.4493511016850231
-0.4479348058187469
-0.4466666388936409
-0.44556042388995665
-0.44462706960001663
-0.44387434658698866
-0.4433067260880009
-0.4429252849515066
-0.44272767831817617
-0.44270818034901227
-0.4428577919032761
-0.4431644127014176
-0.44361307420259966
-0.4441862282091994
-0.444864085106324
-0.44562499467477124
-0.44644586159981803
-0.44730258715122617
-0.4481705280436522
-0.44902496320918395
-0.44984155912885426
-0.4505968244776024
-0.4512685451330909
-0.4518361910750568
-0.45228128734682593
-0.45258774204920305
-0.45274212527112323
-0.4527338939105441
-0.45255555848024787
-0.45220278920202706
-0.4516744599435589
-0.4509726298189052
-0.4501024635298291
-0.4490720927452512
-0.4478924219755258
-0.44657688347367563
-0.4451411466661417
-0.4436027884623026
-0.44198093149905193
-0.4402958579312415
-0.43856860677128306
-0.4368205630055465
-0.4350730467688977
-0.43334691074279397
-0.43166215366136407
-0.43003755737167226
-0.4284903543100308
-0.42703593153960784
-0.42568757666224766
-0.42445626998802344
-0.42335052633999826
-0.4223762888107969
-0.4215368756944733
-0.4208329807148119
-0.42026272558250566
-0.41982176286093187
-0.41950342612472513
-0.4192989234768666
-0.41919756966645894
-0.4191870513364845
-0.41925371934183686
-0.41938290162324765
-0.4195592298099011
-0.4197669725570081
-0.4199903686057668
-0.42021395268021033
-0.4204228676036894
-0.4206031564195246
-0.4207420288253567
-0.4208280968661967
-0.42085157556221964
-0.42080444495731895
-0.4206805709452036
-0.4204757831423064
-0.4201879090111921
-0.41981676437466253
-0.41936410137958846
-0.4188335158516805
-0.41823031680988365
-0.4175613616652315
-0.4168348612989734
-0.41606015978563704
-0.41524749398789607
-0.41440773859340474
-0.41355214238366766
-0.41269206161855954
-0.4118386963871534
-0.41100283561849493
-0.4101946161699749
-0.4094233010234464
-0.4086970811300351
-0.4080229048653956
-0.40740633840155915
-0.40685145958442637
-0.4063607871434223
-0.40593524626872146
-0.4055741707888961
-0.4052753413851178
-0.40503505850398946
-0.404848247895905
-0.40470859602465536
-0.4046087119806614
-0.40454031199690854
-0.4044944222237351
-0.4044615950744255
-0.4044321342141849
-0.4043963231343273
-0.40434465223291804
-0.40426803941175093
-0.4041580393942482
-0.4040070372642567
-0.403808422114304
-0.4035567371643487
-0.40324780325734955
-0.40287881324372343
-0.40244839541931476
-0.40195664486655047
-0.40140512225098157
-0.40079682033037745
-0.40013609912587833
-0.39942859136988174
-0.3986810804695067
-0.39790135379482783
-0.3970980346060785
-0.39628039636366996
-0.3954581635108243
-0.39464130307444256
-0.39383981159101034
-0.39306350192845285
-0.39232179454154315
-0.3916235175693913
-0.390976719962421
-0.3903885015186763
-0.38986486332260695
-0.38941058162264064
-0.38902910766715193
-0.388722495453385
-0.3884913587428006
-0.38833485807224766
-0.38825071785658083
-0.38823527304829486
-0.3882835442066095
-0.38838933924485375
-0.38854537958295043
-0.3887434479421661
-0.3889745545918678
-0.38922911850100905
-0.3894971595673308
-0.3897684978997801
-0.390032956017736
-0.39028055980576415
-0.39050173412440325
-0.39068748912375206
-0.3908295935334495
-0.39092073150448026
-0.3909546399480056
-0.3909262237457207
-0.3908316466855576
-0.3906683964953198
-0.3904353228939407
-0.39013264814378035
-0.38976195015585335
-0.38932611876127377
-0.38882928630494873
-0.3882767342305774
-0.38767477779903836
-0.387030631505931
-0.38635225813009444
-0.38564820464651217
-0.3849274284685609
-0.38419911764208714
-0.3834725086949199
-0.38275670584936483
-0.3820605052327375
-0.3813922275746001
-0.3807595626628555
-0.380169428549637
-0.3796278481585821
-0.3791398455553089
-0.3787093637114476
-0.37833920512885777
-0.37803099620463987
-0.37778517571965364
-0.3776010073338866
-0.37747661548155786
-0.37740904358735994
-0.3773943330822561
-0.3774276212915769
-0.377503255907753
-0.37761492345174597
-0.37775578887684647
-0.377918643280415
-0.3780960565664465
-0.3782805318462441
-0.378464658376238
-0.37864125990995645
-0.3788035354828496
-0.37894518985027015
-0.3790605510554401
-0.37914467290958054
-0.37919342051356875
-0.379203537331663
-0.3791726927346215
-0.3790995093531013
-0.37898357001345817
-0.378825404457907
-0.3786264564704369
-0.3783890324303093
-0.37811623268825567
-0.3778118674992199
-0.3774803595430085
-0.37712663531484236
-0.37675600786696894
-0.37637405352667175
-0.37598648530294754
-0.37559902572276493
-0.37521728180834824
-0.37484662482075515
-0.3744920772547171
-0.3741582093789789
-0.3738490473798649
-0.3735679948891598
-0.3733177693669293
-0.3731003544726603
-0.37291696920151574
-0.3727680541943469
-0.37265327525833325
-0.3725715437675703
-0.3725210532573753
-0.3724993311898206
-0.3725033045579125
-0.372529377718131
-0.3725735206011844
-0.37263136525337337
-0.37269830850959373
-0.37276961849629
-0.37284054261020183
-0.37290641461700735
-0.37296275856232564
-0.373005387284404
-0.37303049346048345
-0.3730347313037611
-0.3730152872506195
-0.37296993823315794
-0.3728970964142846
-0.37279583956540363
-0.3726659265833666
-0.3725077979670399
-0.37232256139759434
-0.3721119628836076
-0.3718783442356748
-0.37162458791912734
-0.3713540505919618
-0.37107048686291577
-0.3707779649974231
-0.37048077645314537
-0.37018334123921715
-0.3698901111622648
-0.36960547304669966
-0.3693336539968005
-0.3690786307044944
-0.3688440447014406
-0.3686331253096411
-0.36844862186485194
-0.3682927465757204
-0.3681671291436245
-0.36807278400895316
-0.36801009081473945
-0.3679787883940656
-0.36797798229962975
-0.36800616560838884
-0.3680612524572303
-0.3681406235029242
-0.36824118225653024
-0.368359421023876
-0.36849149499402245
-0.3686333028604193
-0.36878057223774496
