0
0
0
0
0
0
0
0
0
0
0.038282539333522436
0.038282539333522436
0.038282539333522436
0.038282539333522436
0.038282539333522436
0.038282539333522436
0.038282539333522436
0.038282539333522436
0.038282539333522436
0.038282539333522436
0.0
0.0
0.0
0.0
0.0
0.0
0.0
0.0
0.0
0.0
3.90017157769762e-06
3.90017157769762e-06
3.90017157769762e-06
3.90017157769762e-06
3.90017157769762e-06
3.90017157769762e-06
3.90017157769762e-06
3.90017157769762e-06
3.90017157769762e-06
3.90017157769762e-06
0.006136474541563075
0.006136474541563075
0.006136474541563075
0.006136474541563075
0.006136474541563075
0.006136474541563075
0.006136474541563075
0.006136474541563075
0.006136474541563075
0.006136474541563075
0.003928408343199408
0.003928408343199408
0.003928408343199408
0.003928408343199408
0.003928408343199408
0.003928408343199408
0.003928408343199408
0.003928408343199408
0.003928408343199408
0.003928408343199408
0.005961526967439568
0.005961526967439568
0.005961526967439568
0.005961526967439568
0.005961526967439568
0.005961526967439568
0.005961526967439568
0.005961526967439568
0.005961526967439568
0.005961526967439568
0.007595594575832365
0.007595594575832365
0.007595594575832365
0.007595594575832365
0.007595594575832365
0.007595594575832365
0.007595594575832365
0.007595594575832365
0.007595594575832365
0.007595594575832365
0.003280664033809444
0.003280664033809444
0.003280664033809444
0.003280664033809444
0.003280664033809444
0.003280664033809444
0.003280664033809444
0.003280664033809444
0.003280664033809444
0.003280664033809444
0.013573434331192402
0.013573434331192402
0.013573434331192402
0.013573434331192402
0.013573434331192402
0.013573434331192402
0.013573434331192402
0.013573434331192402
0.013573434331192402
0.013573434331192402
0.013679757954378147
0.013679757954378147
0.013679757954378147
0.013679757954378147
0.013679757954378147
0.013679757954378147
0.013679757954378147
0.013679757954378147
0.013679757954378147
0.013679757954378147
